4294967279,125
4294967279,124
4294967279,123
4294967279,122
4294967279,121
4294967279,120
4294967279,119
4294967279,118
4294967279,117
4294967279,116
4294967279,115
4294967279,114
4294967279,113
4294967279,112
4294967279,111
4294967279,110
4294967279,109
4294967279,108
4294967279,107
4294967279,106
4294967294,463
4294967294,465
4294967294,1281
4294967294,1176
4294967294,1175
4294967294,1156
4294967294,1086
4294967294,1085
4294967294,1082
4294967294,1081
4294967294,1071
4294967294,1218
4294967294,1219
4294967294,467
4294967294,462
4294967294,191
4294967294,464
4294967294,97
4294967294,457
4294967294,458
4294967294,1077
4294967294,1065
4294967294,1063
4294967294,1062
4294967294,1061
4294967294,1060
4294967294,1173
4294967294,1172
4294967294,1167
4294967294,60
4294967294,1220
4294967294,1153
4294967294,1087
4294967294,1083
4294967294,1223
4294967294,1080
4294967294,1068
4294967294,1221
4294967294,1079
4294967294,1078
4294967294,1073
4294967294,1070
4294967294,1074
4294967294,583
4294967294,1216
4294967294,14
4294967294,20
4294967294,120
4294967294,451
4294967294,416
4294967294,13
4294967294,119
4294967278,133
4294967278,6
4294967278,5
4294967278,4
4294967279,132
4294967279,131
4294967279,130
4294967279,129
4294967279,128
4294967279,127
4294967279,126
4294967279,287
4294967278,272
4294967279,286
4294967278,271
4294967279,273
4294967278,279
4294967278,13
4294967278,12
4294967278,11
4294967278,10
4294967278,9
4294967278,8
4294967278,7
4294967279,285
4294967278,269
4294967278,268
4294967278,267
4294967279,284
3,4
4294967278,278
4294967278,15
3,3
3,2
3,1
4294967278,277
4294967278,260
4294967278,0
4294967278,14
4294967279,269
4294967294,431
4294967294,186
4294967278,23
4294967278,22
4294967278,21
4294967278,20
4294967278,19
4294967278,18
4294967278,17
4294967278,16
4294967279,283
4294967279,267
4294967294,50
4294967278,38
4294967278,37
4294967278,36
4294967278,35
4294967278,34
4294967278,33
4294967278,32
4294967278,31
4294967278,30
4294967278,29
4294967278,28
4294967278,27
4294967278,26
4294967278,25
4294967278,24
4294967279,20
4294967279,18
4294967279,16
4294967279,15
4294967294,22
4294967279,266
4294967294,41
4294967294,115
4294967294,112
4294967294,161
4294967294,181
4294967294,160
4294967294,81
4294967294,89
4294967294,1222
4294967294,1217
4294967294,163
4294967294,7
4294967279,265
4294967294,6
4294967294,94
4294967294,93
4294967294,96
4294967294,95
2,4
4294967279,264
2,3
2,2
2,1
4294967294,9
0,7
4294967294,441
4294967294,44
4294967294,43
4294967294,53
4294967294,419
4294967294,397
4294967294,29
4294967294,421
4294967294,408
4294967294,386
4294967294,179
4294967294,406
4294967294,426
4294967294,412
4294967294,109
4294967294,392
4294967294,169
4294967294,1155
4294967294,91
4294967294,90
4294967294,87
4294967294,86
4294967294,84
4294967294,1227
4294967294,61
4294967294,36
4294967294,39
4294967294,387
4294967294,388
4294967294,165
4294967294,113
4294967294,167
4294967294,177
4294967294,82
4294967294,17
4294967294,42
4294967294,99
4294967294,76
4294967294,116
4294967294,168
4294967294,162
4294967294,187
4294967294,385
4294967294,188
4294967294,184
4294967294,11
4294967294,69
4294967279,262
4294967279,260
4294967294,8
4294967294,126
4294967294,12
4294967294,127
4294967294,18
4294967294,67
4294967294,5
4294967294,106
4294967294,166
4294967294,24
4294967294,175
4294967294,183
4294967294,176
4294967278,259
4294967278,132
4294967278,131
4294967278,130
4294967278,258
4294967278,129
4294967278,128
4294967278,127
4294967278,126
4294967278,125
4294967278,254
4294967278,124
4294967278,252
4294967278,123
4294967278,250
4294967278,122
4294967278,248
4294967278,121
4294967278,246
4294967278,120
4294967278,244
4294967278,119
4294967278,242
4294967278,118
4294967278,240
4294967278,117
4294967278,116
4294967278,237
4294967278,115
4294967278,114
4294967278,113
4294967278,112
4294967278,111
4294967278,110
4294967278,109
4294967278,108
4294967278,107
4294967278,106
4294967278,105
4294967278,104
4294967278,103
